--------------------------------
1.0 0.58 0.07 0.12 0.44 0.63 0.15 0.44 0.0
0.58 1.0 0.15 0.26 0.55 0.73 0.58 0.36 0.0
0.07 0.15 1.0 0.12 0.83 0.53 0.4 0.28 0.5
0.12 0.26 0.12 1.0 0.21 0.0 0.82 0.19 0.0
0.44 0.55 0.83 0.21 1.0 0.8 0.49 0.33 0.46
0.63 0.73 0.53 0.0 0.8 1.0 0.29 0.52 0.37
0.15 0.58 0.4 0.82 0.49 0.29 1.0 0.2 0.0
0.44 0.36 0.28 0.19 0.33 0.52 0.2 1.0 0.0
0.0 0.0 0.5 0.0 0.46 0.37 0.0 0.0 1.0

19/12/2021 13:46:58 - Matrice calc time : 0.0247 sec
--------------------------------

--------------------------------
1.0 0.58 0.07 0.12 0.44 0.63 0.15 0.44 0.0
0.58 1.0 0.15 0.26 0.55 0.73 0.58 0.36 0.0
0.07 0.15 1.0 0.12 0.83 0.53 0.4 0.28 0.5
0.12 0.26 0.12 1.0 0.21 0.0 0.82 0.19 0.0
0.44 0.55 0.83 0.21 1.0 0.8 0.49 0.33 0.46
0.63 0.73 0.53 0.0 0.8 1.0 0.29 0.52 0.37
0.15 0.58 0.4 0.82 0.49 0.29 1.0 0.2 0.0
0.44 0.36 0.28 0.19 0.33 0.52 0.2 1.0 0.0
0.0 0.0 0.5 0.0 0.46 0.37 0.0 0.0 1.0

19/12/2021 13:47:01 - Matrice calc time : 0.0242 sec
--------------------------------

--------------------------------
1.0 0.58 0.07 0.12 0.44 0.63 0.15 0.44 0.0
0.58 1.0 0.15 0.26 0.55 0.73 0.58 0.36 0.0
0.07 0.15 1.0 0.12 0.83 0.53 0.4 0.28 0.5
0.12 0.26 0.12 1.0 0.21 0.0 0.82 0.19 0.0
0.44 0.55 0.83 0.21 1.0 0.8 0.49 0.33 0.46
0.63 0.73 0.53 0.0 0.8 1.0 0.29 0.52 0.37
0.15 0.58 0.4 0.82 0.49 0.29 1.0 0.2 0.0
0.44 0.36 0.28 0.19 0.33 0.52 0.2 1.0 0.0
0.0 0.0 0.5 0.0 0.46 0.37 0.0 0.0 1.0

19/12/2021 14:38:46 - Matrice calc time : 0.0207 sec
--------------------------------

--------------------------------
1.0 0.58 0.07 0.12 0.44 0.63 0.15 0.44 0.0
0.58 1.0 0.15 0.26 0.55 0.73 0.58 0.36 0.0
0.07 0.15 1.0 0.12 0.83 0.53 0.4 0.28 0.5
0.12 0.26 0.12 1.0 0.21 0.0 0.82 0.19 0.0
0.44 0.55 0.83 0.21 1.0 0.8 0.49 0.33 0.46
0.63 0.73 0.53 0.0 0.8 1.0 0.29 0.52 0.37
0.15 0.58 0.4 0.82 0.49 0.29 1.0 0.2 0.0
0.44 0.36 0.28 0.19 0.33 0.52 0.2 1.0 0.0
0.0 0.0 0.5 0.0 0.46 0.37 0.0 0.0 1.0

19/12/2021 15:53:53 - Matrice calc time : 0.0205 sec
--------------------------------

--------------------------------
1.0 0.58 0.07 0.12 0.44 0.63 0.15 0.44
0.58 1.0 0.15 0.26 0.55 0.73 0.58 0.36
0.07 0.15 1.0 0.12 0.83 0.53 0.4 0.28
0.12 0.26 0.12 1.0 0.21 0.0 0.82 0.19
0.44 0.55 0.83 0.21 1.0 0.8 0.49 0.33
0.63 0.73 0.53 0.0 0.8 1.0 0.29 0.52
0.15 0.58 0.4 0.82 0.49 0.29 1.0 0.2
0.44 0.36 0.28 0.19 0.33 0.52 0.2 1.0

19/12/2021 15:54:24 - Matrice calc time : 0.0209 sec
--------------------------------

--------------------------------
1.0 0.58 0.07 0.12 0.44 0.63 0.15 0.44
0.58 1.0 0.15 0.26 0.55 0.73 0.58 0.36
0.07 0.15 1.0 0.12 0.83 0.53 0.4 0.28
0.12 0.26 0.12 1.0 0.21 0.0 0.82 0.19
0.44 0.55 0.83 0.21 1.0 0.8 0.49 0.33
0.63 0.73 0.53 0.0 0.8 1.0 0.29 0.52
0.15 0.58 0.4 0.82 0.49 0.29 1.0 0.2
0.44 0.36 0.28 0.19 0.33 0.52 0.2 1.0

19/12/2021 15:56:39 - Matrice calc time : 0.0357 sec
--------------------------------

--------------------------------
1.0 0.58 0.07 0.12 0.44 0.63 0.15 0.44 0.08
0.58 1.0 0.15 0.26 0.55 0.73 0.58 0.36 0.0
0.07 0.15 1.0 0.12 0.83 0.53 0.4 0.28 0.34
0.12 0.26 0.12 1.0 0.21 0.0 0.82 0.19 0.34
0.44 0.55 0.83 0.21 1.0 0.8 0.49 0.33 0.2
0.63 0.73 0.53 0.0 0.8 1.0 0.29 0.52 0.15
0.15 0.58 0.4 0.82 0.49 0.29 1.0 0.2 0.37
0.44 0.36 0.28 0.19 0.33 0.52 0.2 1.0 0.0
0.08 0.0 0.34 0.34 0.2 0.15 0.37 0.0 1.0

19/12/2021 16:00:12 - Matrice calc time : 0.0238 sec
--------------------------------

--------------------------------
1.0 0.58 0.07 0.12 0.44 0.63 0.15 0.44 0.08
0.58 1.0 0.15 0.26 0.55 0.73 0.58 0.36 0.0
0.07 0.15 1.0 0.12 0.83 0.53 0.4 0.28 0.34
0.12 0.26 0.12 1.0 0.21 0.0 0.82 0.19 0.34
0.44 0.55 0.83 0.21 1.0 0.8 0.49 0.33 0.2
0.63 0.73 0.53 0.0 0.8 1.0 0.29 0.52 0.15
0.15 0.58 0.4 0.82 0.49 0.29 1.0 0.2 0.37
0.44 0.36 0.28 0.19 0.33 0.52 0.2 1.0 0.0
0.08 0.0 0.34 0.34 0.2 0.15 0.37 0.0 1.0

19/12/2021 16:00:16 - Matrice calc time : 0.0416 sec
--------------------------------

--------------------------------
1.0 0.58 0.07 0.12 0.44 0.63 0.15 0.44 0.08
0.58 1.0 0.15 0.26 0.55 0.73 0.58 0.36 0.0
0.07 0.15 1.0 0.12 0.83 0.53 0.4 0.28 0.34
0.12 0.26 0.12 1.0 0.21 0.0 0.82 0.19 0.34
0.44 0.55 0.83 0.21 1.0 0.8 0.49 0.33 0.2
0.63 0.73 0.53 0.0 0.8 1.0 0.29 0.52 0.15
0.15 0.58 0.4 0.82 0.49 0.29 1.0 0.2 0.37
0.44 0.36 0.28 0.19 0.33 0.52 0.2 1.0 0.0
0.08 0.0 0.34 0.34 0.2 0.15 0.37 0.0 1.0

19/12/2021 16:00:27 - Matrice calc time : 0.0253 sec
--------------------------------

--------------------------------
1.0 0.58 0.07 0.12 0.44 0.63 0.15 0.44 0.08 0.15
0.58 1.0 0.15 0.26 0.55 0.73 0.58 0.36 0.0 0.0
0.07 0.15 1.0 0.12 0.83 0.53 0.4 0.28 0.34 0.29
0.12 0.26 0.12 1.0 0.21 0.0 0.82 0.19 0.34 0.48
0.44 0.55 0.83 0.21 1.0 0.8 0.49 0.33 0.2 0.34
0.63 0.73 0.53 0.0 0.8 1.0 0.29 0.52 0.15 0.21
0.15 0.58 0.4 0.82 0.49 0.29 1.0 0.2 0.37 0.19
0.44 0.36 0.28 0.19 0.33 0.52 0.2 1.0 0.0 0.25
0.08 0.0 0.34 0.34 0.2 0.15 0.37 0.0 1.0 0.0
0.15 0.0 0.29 0.48 0.34 0.21 0.19 0.25 0.0 1.0

19/12/2021 16:01:36 - Matrice calc time : 0.05 sec
--------------------------------

--------------------------------
1.0 0.58 0.07 0.12 0.44 0.63 0.15 0.44 0.08 0.15
0.58 1.0 0.15 0.26 0.55 0.73 0.58 0.36 0.0 0.0
0.07 0.15 1.0 0.12 0.83 0.53 0.4 0.28 0.34 0.29
0.12 0.26 0.12 1.0 0.21 0.0 0.82 0.19 0.34 0.48
0.44 0.55 0.83 0.21 1.0 0.8 0.49 0.33 0.2 0.34
0.63 0.73 0.53 0.0 0.8 1.0 0.29 0.52 0.15 0.21
0.15 0.58 0.4 0.82 0.49 0.29 1.0 0.2 0.37 0.19
0.44 0.36 0.28 0.19 0.33 0.52 0.2 1.0 0.0 0.25
0.08 0.0 0.34 0.34 0.2 0.15 0.37 0.0 1.0 0.0
0.15 0.0 0.29 0.48 0.34 0.21 0.19 0.25 0.0 1.0

19/12/2021 16:04:38 - Matrice calc time : 0.0273 sec
--------------------------------

--------------------------------
1.0 0.58 0.07 0.12 0.44 0.63 0.15 0.44
0.58 1.0 0.15 0.26 0.55 0.73 0.58 0.36
0.07 0.15 1.0 0.12 0.83 0.53 0.4 0.28
0.12 0.26 0.12 1.0 0.21 0.0 0.82 0.19
0.44 0.55 0.83 0.21 1.0 0.8 0.49 0.33
0.63 0.73 0.53 0.0 0.8 1.0 0.29 0.52
0.15 0.58 0.4 0.82 0.49 0.29 1.0 0.2
0.44 0.36 0.28 0.19 0.33 0.52 0.2 1.0

19/12/2021 16:04:43 - Matrice calc time : 0.0206 sec
--------------------------------

--------------------------------
1.0 0.58 0.07 0.12 0.44 0.63 0.15 0.44 0 0 0.0
0.58 1.0 0.15 0.26 0.55 0.73 0.58 0.36 0 0 0.0
0.07 0.15 1.0 0.12 0.83 0.53 0.4 0.28 0 0 0.0
0.12 0.26 0.12 1.0 0.21 0.0 0.82 0.19 0 0 0.3
0.44 0.55 0.83 0.21 1.0 0.8 0.49 0.33 0 0 0.07
0.63 0.73 0.53 0.0 0.8 1.0 0.29 0.52 0 0 0.0
0.15 0.58 0.4 0.82 0.49 0.29 1.0 0.2 0 0 0.17
0.44 0.36 0.28 0.19 0.33 0.52 0.2 1.0 0 0 0.0
0 0 0 0 0 0 0 0 0 0 0
0 0 0 0 0 0 0 0 0 0 0
0.0 0.0 0.0 0.3 0.07 0.0 0.17 0.0 0 0 1.0

19/12/2021 16:05:41 - Matrice calc time : 0.0292 sec
--------------------------------

--------------------------------
1.0 0.58 0.07 0.12 0.44 0.63 0.15 0.44 0 0.0
0.58 1.0 0.15 0.26 0.55 0.73 0.58 0.36 0 0.0
0.07 0.15 1.0 0.12 0.83 0.53 0.4 0.28 0 0.0
0.12 0.26 0.12 1.0 0.21 0.0 0.82 0.19 0 0.3
0.44 0.55 0.83 0.21 1.0 0.8 0.49 0.33 0 0.07
0.63 0.73 0.53 0.0 0.8 1.0 0.29 0.52 0 0.0
0.15 0.58 0.4 0.82 0.49 0.29 1.0 0.2 0 0.17
0.44 0.36 0.28 0.19 0.33 0.52 0.2 1.0 0 0.0
0 0 0 0 0 0 0 0 0 0
0.0 0.0 0.0 0.3 0.07 0.0 0.17 0.0 0 1.0

19/12/2021 16:06:15 - Matrice calc time : 0.0275 sec
--------------------------------

--------------------------------
1.0 0.58 0.07 0.12 0.44 0.63 0.15 0.44 0 0
0.58 1.0 0.15 0.26 0.55 0.73 0.58 0.36 0 0
0.07 0.15 1.0 0.12 0.83 0.53 0.4 0.28 0 0
0.12 0.26 0.12 1.0 0.21 0.0 0.82 0.19 0 0
0.44 0.55 0.83 0.21 1.0 0.8 0.49 0.33 0 0
0.63 0.73 0.53 0.0 0.8 1.0 0.29 0.52 0 0
0.15 0.58 0.4 0.82 0.49 0.29 1.0 0.2 0 0
0.44 0.36 0.28 0.19 0.33 0.52 0.2 1.0 0 0
0 0 0 0 0 0 0 0 0 0
0 0 0 0 0 0 0 0 0 0

19/12/2021 16:09:57 - Matrice calc time : 0.024 sec
--------------------------------

