--------------------------------
1.0 0.58 0.07 0.12 0.44 0.63 0.15 0.44
0.58 1.0 0.15 0.26 0.55 0.73 0.58 0.36
0.07 0.15 1.0 0.12 0.83 0.53 0.4 0.28
0.12 0.26 0.12 1.0 0.21 0.0 0.82 0.19
0.44 0.55 0.83 0.21 1.0 0.8 0.49 0.33
0.63 0.73 0.53 0.0 0.8 1.0 0.29 0.52
0.15 0.58 0.4 0.82 0.49 0.29 1.0 0.2
0.44 0.36 0.28 0.19 0.33 0.52 0.2 1.0

06/01/2022 18:37:49 - Matrice calc time : 0.0189 sec
--------------------------------

--------------------------------
1.0 0.58 0.07 0.12 0.44 0.63 0.15 0.44
0.58 1.0 0.15 0.26 0.55 0.73 0.58 0.36
0.07 0.15 1.0 0.12 0.83 0.53 0.4 0.28
0.12 0.26 0.12 1.0 0.21 0.0 0.82 0.19
0.44 0.55 0.83 0.21 1.0 0.8 0.49 0.33
0.63 0.73 0.53 0.0 0.8 1.0 0.29 0.52
0.15 0.58 0.4 0.82 0.49 0.29 1.0 0.2
0.44 0.36 0.28 0.19 0.33 0.52 0.2 1.0

06/01/2022 19:02:56 - Matrice calc time : 0.0197 sec
--------------------------------

--------------------------------
1.0 0.58 0.07 0.12 0.44 0.63 0.15 0.44
0.58 1.0 0.15 0.26 0.55 0.73 0.58 0.36
0.07 0.15 1.0 0.12 0.83 0.53 0.4 0.28
0.12 0.26 0.12 1.0 0.21 0.0 0.82 0.19
0.44 0.55 0.83 0.21 1.0 0.8 0.49 0.33
0.63 0.73 0.53 0.0 0.8 1.0 0.29 0.52
0.15 0.58 0.4 0.82 0.49 0.29 1.0 0.2
0.44 0.36 0.28 0.19 0.33 0.52 0.2 1.0

06/01/2022 19:04:54 - Matrice calc time : 0.0141 sec
--------------------------------

--------------------------------
1.0 0.58 0.07 0.12 0.44 0.63 0.15 0.44
0.58 1.0 0.15 0.26 0.55 0.73 0.58 0.36
0.07 0.15 1.0 0.12 0.83 0.53 0.4 0.28
0.12 0.26 0.12 1.0 0.21 0.0 0.82 0.19
0.44 0.55 0.83 0.21 1.0 0.8 0.49 0.33
0.63 0.73 0.53 0.0 0.8 1.0 0.29 0.52
0.15 0.58 0.4 0.82 0.49 0.29 1.0 0.2
0.44 0.36 0.28 0.19 0.33 0.52 0.2 1.0

06/01/2022 20:10:11 - Matrice calc time : 0.0198 sec
--------------------------------

--------------------------------
1.0 0.58 0.07 0.12 0.44 0.63 0.15 0.44
0.58 1.0 0.15 0.26 0.55 0.73 0.58 0.36
0.07 0.15 1.0 0.12 0.83 0.53 0.4 0.28
0.12 0.26 0.12 1.0 0.21 0.0 0.82 0.19
0.44 0.55 0.83 0.21 1.0 0.8 0.49 0.33
0.63 0.73 0.53 0.0 0.8 1.0 0.29 0.52
0.15 0.58 0.4 0.82 0.49 0.29 1.0 0.2
0.44 0.36 0.28 0.19 0.33 0.52 0.2 1.0

06/01/2022 20:14:55 - Matrice calc time : 0.0225 sec
--------------------------------

--------------------------------
1.0 0.58 0.07 0.12 0.44 0.63 0.15 0.44
0.58 1.0 0.15 0.26 0.55 0.73 0.58 0.36
0.07 0.15 1.0 0.12 0.83 0.53 0.4 0.28
0.12 0.26 0.12 1.0 0.21 0.0 0.82 0.19
0.44 0.55 0.83 0.21 1.0 0.8 0.49 0.33
0.63 0.73 0.53 0.0 0.8 1.0 0.29 0.52
0.15 0.58 0.4 0.82 0.49 0.29 1.0 0.2
0.44 0.36 0.28 0.19 0.33 0.52 0.2 1.0

06/01/2022 20:17:09 - Matrice calc time : 0.0197 sec
--------------------------------

--------------------------------
1.0 0.58 0.07 0.12 0.44 0.63 0.15 0.44
0.58 1.0 0.15 0.26 0.55 0.73 0.58 0.36
0.07 0.15 1.0 0.12 0.83 0.53 0.4 0.28
0.12 0.26 0.12 1.0 0.21 0.0 0.82 0.19
0.44 0.55 0.83 0.21 1.0 0.8 0.49 0.33
0.63 0.73 0.53 0.0 0.8 1.0 0.29 0.52
0.15 0.58 0.4 0.82 0.49 0.29 1.0 0.2
0.44 0.36 0.28 0.19 0.33 0.52 0.2 1.0

06/01/2022 20:17:25 - Matrice calc time : 0.0132 sec
--------------------------------

--------------------------------
1.0 0.58 0.07 0.12 0.44 0.63 0.15 0.44 0.0 0 0
0.58 1.0 0.15 0.26 0.55 0.73 0.58 0.36 0.0 0 0
0.07 0.15 1.0 0.12 0.83 0.53 0.4 0.28 0.31 0 0
0.12 0.26 0.12 1.0 0.21 0.0 0.82 0.19 0.3 0 0
0.44 0.55 0.83 0.21 1.0 0.8 0.49 0.33 0.36 0 0
0.63 0.73 0.53 0.0 0.8 1.0 0.29 0.52 0.23 0 0
0.15 0.58 0.4 0.82 0.49 0.29 1.0 0.2 0.17 0 0
0.44 0.36 0.28 0.19 0.33 0.52 0.2 1.0 0.0 0 0
0.0 0.0 0.31 0.3 0.36 0.23 0.17 0.0 1.0 0 0
0 0 0 0 0 0 0 0 0 0 0
0 0 0 0 0 0 0 0 0 0 0

06/01/2022 20:19:56 - Matrice calc time : 0.0208 sec
--------------------------------

--------------------------------
1.0 0.58 0.07 0.12 0.44 0.63 0.15 0.44 0.0 0.0 0
0.58 1.0 0.15 0.26 0.55 0.73 0.58 0.36 0.0 0.12 0
0.07 0.15 1.0 0.12 0.83 0.53 0.4 0.28 0.31 0.12 0
0.12 0.26 0.12 1.0 0.21 0.0 0.82 0.19 0.3 0.49 0
0.44 0.55 0.83 0.21 1.0 0.8 0.49 0.33 0.36 0.09 0
0.63 0.73 0.53 0.0 0.8 1.0 0.29 0.52 0.23 0.0 0
0.15 0.58 0.4 0.82 0.49 0.29 1.0 0.2 0.17 0.48 0
0.44 0.36 0.28 0.19 0.33 0.52 0.2 1.0 0.0 0.0 0
0.0 0.0 0.31 0.3 0.36 0.23 0.17 0.0 1.0 0.1 0
0.0 0.12 0.12 0.49 0.09 0.0 0.48 0.0 0.1 1.0 0
0 0 0 0 0 0 0 0 0 0 0

06/01/2022 20:21:24 - Matrice calc time : 0.0237 sec
--------------------------------

--------------------------------
1.0 0.58 0.07 0.12 0.44 0.63 0.15 0.44 0.0 0.0 0
0.58 1.0 0.15 0.26 0.55 0.73 0.58 0.36 0.0 0.12 0
0.07 0.15 1.0 0.12 0.83 0.53 0.4 0.28 0.31 0.12 0
0.12 0.26 0.12 1.0 0.21 0.0 0.82 0.19 0.3 0.49 0
0.44 0.55 0.83 0.21 1.0 0.8 0.49 0.33 0.36 0.09 0
0.63 0.73 0.53 0.0 0.8 1.0 0.29 0.52 0.23 0.0 0
0.15 0.58 0.4 0.82 0.49 0.29 1.0 0.2 0.17 0.48 0
0.44 0.36 0.28 0.19 0.33 0.52 0.2 1.0 0.0 0.0 0
0.0 0.0 0.31 0.3 0.36 0.23 0.17 0.0 1.0 0.1 0
0.0 0.12 0.12 0.49 0.09 0.0 0.48 0.0 0.1 1.0 0
0 0 0 0 0 0 0 0 0 0 0

06/01/2022 20:21:38 - Matrice calc time : 0.039 sec
--------------------------------

--------------------------------
1.0 0.58 0.07 0.12 0.44 0.63 0.15 0.44 0.0 0.0 0.0
0.58 1.0 0.15 0.26 0.55 0.73 0.58 0.36 0.0 0.12 0.4
0.07 0.15 1.0 0.12 0.83 0.53 0.4 0.28 0.31 0.12 0.38
0.12 0.26 0.12 1.0 0.21 0.0 0.82 0.19 0.3 0.49 0.0
0.44 0.55 0.83 0.21 1.0 0.8 0.49 0.33 0.36 0.09 0.35
0.63 0.73 0.53 0.0 0.8 1.0 0.29 0.52 0.23 0.0 0.55
0.15 0.58 0.4 0.82 0.49 0.29 1.0 0.2 0.17 0.48 0.26
0.44 0.36 0.28 0.19 0.33 0.52 0.2 1.0 0.0 0.0 0.75
0.0 0.0 0.31 0.3 0.36 0.23 0.17 0.0 1.0 0.1 0.0
0.0 0.12 0.12 0.49 0.09 0.0 0.48 0.0 0.1 1.0 0.0
0.0 0.4 0.38 0.0 0.35 0.55 0.26 0.75 0.0 0.0 1.0

06/01/2022 20:21:56 - Matrice calc time : 0.0524 sec
--------------------------------

--------------------------------
1.0 0.58 0.07 0.12 0.44 0.63 0.15 0.44 0.0 0.0 0.0
0.58 1.0 0.15 0.26 0.55 0.73 0.58 0.36 0.0 0.12 0.4
0.07 0.15 1.0 0.12 0.83 0.53 0.4 0.28 0.31 0.12 0.38
0.12 0.26 0.12 1.0 0.21 0.0 0.82 0.19 0.3 0.49 0.0
0.44 0.55 0.83 0.21 1.0 0.8 0.49 0.33 0.36 0.09 0.35
0.63 0.73 0.53 0.0 0.8 1.0 0.29 0.52 0.23 0.0 0.55
0.15 0.58 0.4 0.82 0.49 0.29 1.0 0.2 0.17 0.48 0.26
0.44 0.36 0.28 0.19 0.33 0.52 0.2 1.0 0.0 0.0 0.75
0.0 0.0 0.31 0.3 0.36 0.23 0.17 0.0 1.0 0.1 0.0
0.0 0.12 0.12 0.49 0.09 0.0 0.48 0.0 0.1 1.0 0.0
0.0 0.4 0.38 0.0 0.35 0.55 0.26 0.75 0.0 0.0 1.0

06/01/2022 20:22:24 - Matrice calc time : 0.0406 sec
--------------------------------

--------------------------------
1.0 0.58 0.07 0.12 0.44 0.63 0.15 0.44 0.0 0.0 0.0 0
0.58 1.0 0.15 0.26 0.55 0.73 0.58 0.36 0.0 0.12 0.4 0
0.07 0.15 1.0 0.12 0.83 0.53 0.4 0.28 0.31 0.12 0.38 0
0.12 0.26 0.12 1.0 0.21 0.0 0.82 0.19 0.3 0.49 0.0 0
0.44 0.55 0.83 0.21 1.0 0.8 0.49 0.33 0.36 0.09 0.35 0
0.63 0.73 0.53 0.0 0.8 1.0 0.29 0.52 0.23 0.0 0.55 0
0.15 0.58 0.4 0.82 0.49 0.29 1.0 0.2 0.17 0.48 0.26 0
0.44 0.36 0.28 0.19 0.33 0.52 0.2 1.0 0.0 0.0 0.75 0
0.0 0.0 0.31 0.3 0.36 0.23 0.17 0.0 1.0 0.1 0.0 0
0.0 0.12 0.12 0.49 0.09 0.0 0.48 0.0 0.1 1.0 0.0 0
0.0 0.4 0.38 0.0 0.35 0.55 0.26 0.75 0.0 0.0 1.0 0
0 0 0 0 0 0 0 0 0 0 0 0

06/01/2022 20:22:52 - Matrice calc time : 0.0306 sec
--------------------------------

