1.0 0.58 0.07 0.12 0.44 0.63 0.15 0.44 0.0 0.0 0.0 0
0.58 1.0 0.15 0.26 0.55 0.73 0.58 0.36 0.0 0.12 0.4 0
0.07 0.15 1.0 0.12 0.83 0.53 0.4 0.28 0.31 0.12 0.38 0
0.12 0.26 0.12 1.0 0.21 0.0 0.82 0.19 0.3 0.49 0.0 0
0.44 0.55 0.83 0.21 1.0 0.8 0.49 0.33 0.36 0.09 0.35 0
0.63 0.73 0.53 0.0 0.8 1.0 0.29 0.52 0.23 0.0 0.55 0
0.15 0.58 0.4 0.82 0.49 0.29 1.0 0.2 0.17 0.48 0.26 0
0.44 0.36 0.28 0.19 0.33 0.52 0.2 1.0 0.0 0.0 0.75 0
0.0 0.0 0.31 0.3 0.36 0.23 0.17 0.0 1.0 0.1 0.0 0
0.0 0.12 0.12 0.49 0.09 0.0 0.48 0.0 0.1 1.0 0.0 0
0.0 0.4 0.38 0.0 0.35 0.55 0.26 0.75 0.0 0.0 1.0 0
0 0 0 0 0 0 0 0 0 0 0 0